{
 "cells": [
  {
   "cell_type": "markdown",
   "metadata": {},
   "source": [
    "## Portfolio optimization using Genetic Algorithm"
   ]
  },
  {
   "cell_type": "markdown",
   "metadata": {},
   "source": [
    "#### Given Data:\n",
    "Monthly Closing Stock values of ARKK, GLD, GREK, SLV, SMH, TSLA.\n",
    "Data_1 from March 2017 to March 2020.\n",
    "Data_2 from March 2015 to March 2018."
   ]
  },
  {
   "cell_type": "markdown",
   "source": [
    "### Approach and Tasks:\n",
    "\n",
    "1. Read the data and combine them into one dataframe.\n",
    "2. Calculate the historical returns for 3 months, 6 months, 12 months, 24 months and 36 months for each of the stocks.\n",
    "3. Define **Gene** (Scalar): A fraction of the total capital assigned to a stock.\n",
    "4. Define **Chromosome** (1D Array): Set of genes i.e. fractions of total capital assigned to each stock.\n",
    "        Check! Sum of each chromosome should be equal to 1.\n",
    "5. Generate **Initial Population** (2D Array): A set of randomly generated chromosomes.\n",
    "6. **Fitness function** (Define a Function):\n",
    "The **Sharpe ratio**, S, is a measure for quantifying the performance (Fitness) of the portfolio which works on \"Maximisation of return (mean) and minimisation of risk (Variance) simultaneously\" and is computed as\n",
    "follows:\n",
    "\n",
    "                S = (µ − r)/σ\n",
    "\n",
    "    Here µ is the return of the portfolio over a specified period or Mean portfolio return,\n",
    "         r is the risk-free rate over the same period and\n",
    "         σ is the standard deviation of the returns over the specified period or Standard deviation of portfolio return.\n",
    "\n",
    "\n",
    "    Mean portfolio return = Mean Return * Fractions of Total Capital (Chromosome).\n",
    "    Risk-free rate = 0.0358 (for US)\n",
    "    Standard deviation of portfolio return = (chromosome * Standard deviation)**2 + Covariance * Respective weights in chromosome.\n",
    "\n",
    "7. Select **Elite Population** (Define a Function): It filters the elite chromosomes which have highest returns, which was calculated in fitness function.\n",
    "\n",
    "8. **Mutation**: A function that will perform mutation in a chromosome. Randomly we shall choose 2 numbers between 0, 5 and those elements we shall swap.\n",
    "\n",
    "9. Crossover: **Arithmetic Crossover** blends the genes of two parent chromosomes to create a new offspring. The new offspring's genes are determined by taking a weighted average of the genes from each parent chromosome.\n",
    "The offsprings are created according to the equation:\n",
    "offspring A = alpha ∗ parent1 + (1 − alpha) ∗ parent2\n",
    "offspring B = (1 − alpha) ∗ parent1 + alpha ∗ parent2\n",
    "\n",
    "Where alpha is a random number between 0 and 1.\n",
    "Input: 2 Parents\n",
    "Output: 2 Children (1d Array)\n",
    "\n",
    "10. **Next Generation** (define a Function): A function which does mutation,mating or crossover based on a probability and builds a new generation of chromosomes.\n",
    "\n",
    "11. **Iterate the process**: Iterate the whole process till there is no change in maximum returns or for fixed number of iterations."
   ],
   "metadata": {
    "collapsed": false
   }
  },
  {
   "cell_type": "markdown",
   "metadata": {},
   "source": [
    "#### Pre-requisite tasks:"
   ]
  },
  {
   "cell_type": "code",
   "execution_count": 34,
   "metadata": {},
   "outputs": [],
   "source": [
    "import numpy as np\n",
    "import pandas as pd\n",
    "from functools import reduce\n",
    "import yfinance as yf\n",
    "import os"
   ]
  },
  {
   "cell_type": "markdown",
   "metadata": {},
   "source": [
    "### Task #1:\n",
    "#### Read the data and combine them into one dataframe."
   ]
  },
  {
   "cell_type": "code",
   "execution_count": 35,
   "metadata": {},
   "outputs": [
    {
     "name": "stdout",
     "output_type": "stream",
     "text": [
      "(37, 7)\n"
     ]
    },
    {
     "data": {
      "text/plain": "       Date   ARKK     GLD   GREK    SLV     SMH   TSLA\n0  Mar 2020  44.00  148.05  17.07  13.05  117.14  34.93\n1  Feb 2020  52.84  148.38  22.35  15.53  131.97  44.53\n2  Jan 2020  51.80  149.33  28.56  16.82  137.57  43.37\n3  Dec 2019  50.05  142.90  30.39  16.68  141.41  27.89\n4  Nov 2019  50.43  137.86  29.76  15.92  132.91  22.00",
      "text/html": "<div>\n<style scoped>\n    .dataframe tbody tr th:only-of-type {\n        vertical-align: middle;\n    }\n\n    .dataframe tbody tr th {\n        vertical-align: top;\n    }\n\n    .dataframe thead th {\n        text-align: right;\n    }\n</style>\n<table border=\"1\" class=\"dataframe\">\n  <thead>\n    <tr style=\"text-align: right;\">\n      <th></th>\n      <th>Date</th>\n      <th>ARKK</th>\n      <th>GLD</th>\n      <th>GREK</th>\n      <th>SLV</th>\n      <th>SMH</th>\n      <th>TSLA</th>\n    </tr>\n  </thead>\n  <tbody>\n    <tr>\n      <th>0</th>\n      <td>Mar 2020</td>\n      <td>44.00</td>\n      <td>148.05</td>\n      <td>17.07</td>\n      <td>13.05</td>\n      <td>117.14</td>\n      <td>34.93</td>\n    </tr>\n    <tr>\n      <th>1</th>\n      <td>Feb 2020</td>\n      <td>52.84</td>\n      <td>148.38</td>\n      <td>22.35</td>\n      <td>15.53</td>\n      <td>131.97</td>\n      <td>44.53</td>\n    </tr>\n    <tr>\n      <th>2</th>\n      <td>Jan 2020</td>\n      <td>51.80</td>\n      <td>149.33</td>\n      <td>28.56</td>\n      <td>16.82</td>\n      <td>137.57</td>\n      <td>43.37</td>\n    </tr>\n    <tr>\n      <th>3</th>\n      <td>Dec 2019</td>\n      <td>50.05</td>\n      <td>142.90</td>\n      <td>30.39</td>\n      <td>16.68</td>\n      <td>141.41</td>\n      <td>27.89</td>\n    </tr>\n    <tr>\n      <th>4</th>\n      <td>Nov 2019</td>\n      <td>50.43</td>\n      <td>137.86</td>\n      <td>29.76</td>\n      <td>15.92</td>\n      <td>132.91</td>\n      <td>22.00</td>\n    </tr>\n  </tbody>\n</table>\n</div>"
     },
     "execution_count": 35,
     "metadata": {},
     "output_type": "execute_result"
    }
   ],
   "source": [
    "folder_path = 'Data_1'\n",
    "files = os.listdir(folder_path)\n",
    "dfs = []\n",
    "\n",
    "for file in files:\n",
    "    file_path = os.path.join(folder_path, file)\n",
    "    temp = pd.read_csv(file_path, usecols=['Date', 'Close'])\n",
    "    temp.columns = ['Date', file.replace('.csv', '')]\n",
    "    dfs.append(temp)\n",
    "\n",
    "stocks = reduce(lambda left,right: pd.merge(left,right,on='Date'), dfs)\n",
    "print(stocks.shape)\n",
    "stocks.head()\n"
   ]
  },
  {
   "cell_type": "markdown",
   "metadata": {},
   "source": [
    "### Task #2:\n",
    "#### Calculate the historical returns for 3 months, 6 months, 12 months, 24 months and 36 months for each of the stock.\n",
    "\n",
    "**Stock Return**:\n",
    "The formula for the total stock return is the appreciation in the price divided by the original price of the stock.\n"
   ]
  },
  {
   "cell_type": "code",
   "execution_count": 36,
   "metadata": {},
   "outputs": [],
   "source": [
    "def hist_return(months):\n",
    "    \"\"\" It calculates Stock returns for various months and returns a dataframe.\n",
    "        Input: Months in the form of a list.\n",
    "        Output: Historical returns in the form of a DataFrame. \"\"\"\n",
    "    idx=[]\n",
    "    df=pd.DataFrame()\n",
    "    for mon in months:\n",
    "        temp=(stocks.iloc[0,1:] - stocks.iloc[mon,1:])/(stocks.iloc[mon,1:])\n",
    "        idx.append(str(mon)+'_mon_return')\n",
    "        df=pd.concat([df, temp.to_frame().T], ignore_index=True)\n",
    "    df.index=idx\n",
    "    return df    "
   ]
  },
  {
   "cell_type": "code",
   "execution_count": 37,
   "metadata": {},
   "outputs": [
    {
     "data": {
      "text/plain": "                   ARKK       GLD      GREK       SLV       SMH      TSLA\n3_mon_return  -0.120879  0.036039 -0.438302 -0.217626 -0.171629   0.25242\n6_mon_return    0.02588  0.066105 -0.390139 -0.180276 -0.016704  1.174969\n12_mon_return -0.058421  0.213425 -0.292289  -0.07969  0.101665  0.871919\n24_mon_return  0.126184  0.176962 -0.413402 -0.153147  0.123322  0.968997\n36_mon_return  0.836394  0.247052 -0.285176 -0.243478  0.469577  0.883019",
      "text/html": "<div>\n<style scoped>\n    .dataframe tbody tr th:only-of-type {\n        vertical-align: middle;\n    }\n\n    .dataframe tbody tr th {\n        vertical-align: top;\n    }\n\n    .dataframe thead th {\n        text-align: right;\n    }\n</style>\n<table border=\"1\" class=\"dataframe\">\n  <thead>\n    <tr style=\"text-align: right;\">\n      <th></th>\n      <th>ARKK</th>\n      <th>GLD</th>\n      <th>GREK</th>\n      <th>SLV</th>\n      <th>SMH</th>\n      <th>TSLA</th>\n    </tr>\n  </thead>\n  <tbody>\n    <tr>\n      <th>3_mon_return</th>\n      <td>-0.120879</td>\n      <td>0.036039</td>\n      <td>-0.438302</td>\n      <td>-0.217626</td>\n      <td>-0.171629</td>\n      <td>0.25242</td>\n    </tr>\n    <tr>\n      <th>6_mon_return</th>\n      <td>0.02588</td>\n      <td>0.066105</td>\n      <td>-0.390139</td>\n      <td>-0.180276</td>\n      <td>-0.016704</td>\n      <td>1.174969</td>\n    </tr>\n    <tr>\n      <th>12_mon_return</th>\n      <td>-0.058421</td>\n      <td>0.213425</td>\n      <td>-0.292289</td>\n      <td>-0.07969</td>\n      <td>0.101665</td>\n      <td>0.871919</td>\n    </tr>\n    <tr>\n      <th>24_mon_return</th>\n      <td>0.126184</td>\n      <td>0.176962</td>\n      <td>-0.413402</td>\n      <td>-0.153147</td>\n      <td>0.123322</td>\n      <td>0.968997</td>\n    </tr>\n    <tr>\n      <th>36_mon_return</th>\n      <td>0.836394</td>\n      <td>0.247052</td>\n      <td>-0.285176</td>\n      <td>-0.243478</td>\n      <td>0.469577</td>\n      <td>0.883019</td>\n    </tr>\n  </tbody>\n</table>\n</div>"
     },
     "execution_count": 37,
     "metadata": {},
     "output_type": "execute_result"
    }
   ],
   "source": [
    "hist_stock_returns=hist_return([3,6,12,24,36])\n",
    "hist_stock_returns"
   ]
  },
  {
   "cell_type": "markdown",
   "metadata": {},
   "source": [
    "### Task #3:\n",
    "Define **Gene** (Scalar): A fraction of the total capital assigned to a stock. Lets address them as weights.\n",
    "\n",
    "    Gene can be a fractional value between 0 to 1, such as 0.32 of ARKK or 0.21 of GLD or 0.56 of SLV."
   ]
  },
  {
   "cell_type": "code",
   "execution_count": 38,
   "metadata": {},
   "outputs": [
    {
     "data": {
      "text/plain": "0.5125179071611349"
     },
     "execution_count": 38,
     "metadata": {},
     "output_type": "execute_result"
    }
   ],
   "source": [
    "gene = np.random.rand()\n",
    "gene"
   ]
  },
  {
   "cell_type": "code",
   "execution_count": 39,
   "metadata": {},
   "outputs": [],
   "source": [
    "import time\n",
    "def gen_mc_grid(rows, cols, n, N):\n",
    "        np.random.seed(seed=int(time.time()))  # init random seed\n",
    "        layouts = np.zeros((n, rows * cols), dtype=np.int32)  # one row is a layout\n",
    "        positionX = np.random.randint(0, cols, size=(N * n * 2))\n",
    "        positionY = np.random.randint(0, rows, size=(N * n * 2))\n",
    "        ind_rows = 0  # index of layouts from 0 to n-1\n",
    "        ind_pos = 0  # index of positionX, positionY from 0 to N*n*2-1\n",
    "        while ind_rows < n:\n",
    "            layouts[ind_rows, positionX[ind_pos] + positionY[ind_pos] * cols] = 1\n",
    "            if np.sum(layouts[ind_rows, :]) == N:\n",
    "                ind_rows += 1\n",
    "            ind_pos += 1\n",
    "            if ind_pos >= N * n * 2:\n",
    "                print(\"Not enough positions\")\n",
    "                break\n",
    "        return layouts\n",
    "\n",
    "def gen_mc_grid_with_NA_loc(rows, cols, n, N,NA_loc):\n",
    "        np.random.seed(seed=int(time.time()))  # init random seed\n",
    "        layouts = np.zeros((n, rows * cols), dtype=np.int32)  # one row is a layout, NA loc is 0\n",
    "\n",
    "        layouts_NA= np.zeros((n, rows * cols), dtype=np.int32)  # one row is a layout, NA loc is 2\n",
    "        for i in NA_loc:\n",
    "            layouts_NA[:,i-1]=2\n",
    "\n",
    "        positionX = np.random.randint(0, cols, size=(N * n * 2))\n",
    "        positionY = np.random.randint(0, rows, size=(N * n * 2))\n",
    "        ind_rows = 0  # index of layouts from 0 to n-1\n",
    "        ind_pos = 0  # index of positionX, positionY from 0 to N*n*2-1\n",
    "        N_count=0\n",
    "        while ind_rows < n:\n",
    "            cur_state=layouts_NA[ind_rows, positionX[ind_pos] + positionY[ind_pos] * cols]\n",
    "            if cur_state!=1 and cur_state!=2:\n",
    "                layouts[ind_rows, positionX[ind_pos] + positionY[ind_pos] * cols]=1\n",
    "                layouts_NA[ind_rows, positionX[ind_pos] + positionY[ind_pos] * cols] = 1\n",
    "                N_count+=1\n",
    "                if np.sum(layouts[ind_rows, :]) == N:\n",
    "                    ind_rows += 1\n",
    "                    N_count=0\n",
    "            ind_pos += 1\n",
    "            if ind_pos >= N * n * 2:\n",
    "                print(\"Not enough positions\")\n",
    "                break\n",
    "        return layouts,layouts_NA"
   ]
  },
  {
   "cell_type": "code",
   "execution_count": 40,
   "metadata": {},
   "outputs": [
    {
     "name": "stdout",
     "output_type": "stream",
     "text": [
      "Not enough positions\n",
      "Not enough positions\n"
     ]
    },
    {
     "data": {
      "text/plain": "(array([[0, 0, 0, ..., 1, 1, 0],\n        [0, 0, 0, ..., 0, 0, 0],\n        [0, 0, 0, ..., 0, 0, 0],\n        ...,\n        [0, 0, 0, ..., 0, 0, 0],\n        [0, 0, 0, ..., 0, 0, 0],\n        [0, 0, 0, ..., 0, 0, 0]]),\n array([[2, 2, 2, ..., 1, 1, 2],\n        [2, 2, 2, ..., 0, 0, 2],\n        [2, 2, 2, ..., 0, 0, 2],\n        ...,\n        [2, 2, 2, ..., 0, 0, 2],\n        [2, 2, 2, ..., 0, 0, 2],\n        [2, 2, 2, ..., 0, 0, 2]]))"
     },
     "execution_count": 40,
     "metadata": {},
     "output_type": "execute_result"
    }
   ],
   "source": [
    "gen_mc_grid(5, 5, 100, 50)\n",
    "gen_mc_grid_with_NA_loc(5, 5, 100, 50,range(10))"
   ]
  },
  {
   "cell_type": "markdown",
   "metadata": {},
   "source": [
    "### Task #4:\n",
    "Define **Chromosome** (1D Array): Set of genes i.e. fractions of total capital assigned to each stock. Set of weights.\n",
    "\n",
    "Its a 1d Array of the fractional values of all the stocks such that sum of the array will not be over 1. \n",
    "As we have 6 company stocks, we shall generate 6 fractional values (genes) which constitues 1 chromosome.\n",
    "    \n",
    "**Why sum should be equal to 1?** As these are fraction of the total capital, we are assuming total capital to be 1 unit.\n",
    "    \n",
    "**How to make sure sum =1?** Just generate 6 random numbers and then calculate a factor which is 1 / [sum of random numbers]. Finally multiply each of the random numbers with that factor. The sum will be 1."
   ]
  },
  {
   "cell_type": "code",
   "execution_count": 41,
   "metadata": {},
   "outputs": [],
   "source": [
    "def chromosome(n):\n",
    "    ''' Generates set of random numbers whose sum is equal to 1\n",
    "        Input: Number of stocks.\n",
    "        Output: Array of random numbers'''\n",
    "    ch = np.random.rand(n)\n",
    "    return ch/sum(ch)"
   ]
  },
  {
   "cell_type": "code",
   "execution_count": 42,
   "metadata": {},
   "outputs": [
    {
     "name": "stdout",
     "output_type": "stream",
     "text": [
      "[0.0782396  0.19110359 0.26171903 0.19830425 0.24227762 0.02835591] 0.9999999999999999\n"
     ]
    }
   ],
   "source": [
    "child=chromosome(6)\n",
    "print(child,sum(child))"
   ]
  },
  {
   "cell_type": "markdown",
   "metadata": {},
   "source": [
    "### Task #5:\n",
    "\n",
    "Generate **Initial Population** (2D Array): A set of randomly generated chromosomes"
   ]
  },
  {
   "cell_type": "code",
   "execution_count": 43,
   "metadata": {},
   "outputs": [
    {
     "name": "stdout",
     "output_type": "stream",
     "text": [
      "(100, 6)\n",
      "[[0.19668449 0.11671003 0.13999779 0.1609354  0.17406766 0.21160463]\n",
      " [0.10902459 0.04261961 0.19929717 0.31111973 0.26797192 0.06996697]\n",
      " [0.07153115 0.04338975 0.19122828 0.28450421 0.23225375 0.17709285]\n",
      " [0.19544694 0.18565261 0.05441118 0.11627118 0.26086597 0.18735212]\n",
      " [0.20727957 0.16470538 0.1959122  0.19504776 0.1308809  0.10617419]\n",
      " [0.17941512 0.27103599 0.01427795 0.29388871 0.1613452  0.08003703]\n",
      " [0.23334331 0.16367918 0.14296062 0.0077071  0.24151394 0.21079585]\n",
      " [0.18426651 0.18687984 0.16224619 0.13911102 0.05750965 0.26998677]\n",
      " [0.25073143 0.11837816 0.20377416 0.14893218 0.09307934 0.18510473]\n",
      " [0.45281991 0.11606682 0.13522724 0.18465603 0.10111093 0.01011908]\n",
      " [0.09139568 0.10089226 0.27165849 0.08317188 0.17109181 0.28178989]\n",
      " [0.18465822 0.37876377 0.11158245 0.26502953 0.05307746 0.00688856]\n",
      " [0.20555683 0.07510685 0.21894645 0.17125464 0.19587499 0.13326024]\n",
      " [0.33883945 0.12919194 0.09935656 0.17991561 0.10058734 0.1521091 ]\n",
      " [0.19195877 0.30923231 0.04717815 0.30125932 0.00224178 0.14812967]\n",
      " [0.16933879 0.17602611 0.08657988 0.31992778 0.06770468 0.18042277]\n",
      " [0.33112273 0.05744446 0.21645642 0.30193868 0.01185186 0.08118585]\n",
      " [0.03883403 0.22039879 0.22828965 0.17994256 0.24651053 0.08602444]\n",
      " [0.01225878 0.16341149 0.15302771 0.17234498 0.26709009 0.23186696]\n",
      " [0.15465904 0.25216581 0.2614481  0.06255867 0.2471016  0.02206678]\n",
      " [0.17898387 0.20525433 0.19916042 0.0929011  0.14479408 0.17890619]\n",
      " [0.24488002 0.23291819 0.15106892 0.20704936 0.15685028 0.00723323]\n",
      " [0.22574955 0.0981936  0.25482825 0.07710851 0.21218865 0.13193144]\n",
      " [0.18676648 0.18711948 0.17884461 0.17071461 0.14917893 0.12737588]\n",
      " [0.08379249 0.32594921 0.29685474 0.13626485 0.12955124 0.02758748]\n",
      " [0.00758414 0.28273263 0.0730918  0.30552778 0.32532386 0.00573979]\n",
      " [0.18336804 0.31811473 0.08886276 0.04018681 0.06573994 0.30372772]\n",
      " [0.24929237 0.1130945  0.02540202 0.08895308 0.35010685 0.17315119]\n",
      " [0.18494917 0.02780954 0.11231092 0.10948739 0.14478333 0.42065965]\n",
      " [0.13603123 0.27259561 0.29905603 0.00534182 0.04189086 0.24508444]\n",
      " [0.26484015 0.09192862 0.02748511 0.03453333 0.37921697 0.20199583]\n",
      " [0.02560534 0.13094937 0.26381589 0.12897134 0.27013575 0.18052231]\n",
      " [0.2367596  0.20565197 0.05493297 0.23803432 0.03190283 0.23271832]\n",
      " [0.21532441 0.21235604 0.19875828 0.10730065 0.05939857 0.20686204]\n",
      " [0.24785613 0.03653005 0.0063082  0.24343306 0.24326424 0.22260832]\n",
      " [0.00056242 0.22541598 0.31513385 0.14979761 0.2013938  0.10769635]\n",
      " [0.19945022 0.13838562 0.12988452 0.22657513 0.08301769 0.22268682]\n",
      " [0.10318269 0.29100163 0.20761467 0.22427136 0.13181853 0.04211112]\n",
      " [0.27879326 0.23206418 0.00903557 0.12600544 0.09599097 0.25811057]\n",
      " [0.30271748 0.08360001 0.21048209 0.07584155 0.17844729 0.14891157]\n",
      " [0.16182488 0.16605212 0.14566941 0.15704835 0.34720214 0.0222031 ]\n",
      " [0.24652545 0.14323306 0.1899331  0.14368309 0.25207205 0.02455325]\n",
      " [0.29194477 0.04311498 0.08069595 0.16576006 0.3867984  0.03168586]\n",
      " [0.149247   0.21533674 0.03805718 0.19708418 0.17515825 0.22511665]\n",
      " [0.19089184 0.08311291 0.07518398 0.28952798 0.2620939  0.09918939]\n",
      " [0.06561555 0.13135405 0.25895421 0.09235986 0.23478823 0.2169281 ]\n",
      " [0.16312857 0.19970729 0.18398713 0.03627197 0.19127954 0.22562548]\n",
      " [0.0220911  0.03064448 0.25215463 0.09799454 0.28291263 0.31420262]\n",
      " [0.0826236  0.08513957 0.2121205  0.34449857 0.14066473 0.13495304]\n",
      " [0.17585623 0.06225684 0.1859854  0.16015022 0.25511345 0.16063787]\n",
      " [0.03100049 0.12613611 0.30388518 0.21684273 0.18676434 0.13537114]\n",
      " [0.00733817 0.07426403 0.33223611 0.16775774 0.3658951  0.05250884]\n",
      " [0.16485272 0.07362679 0.37021077 0.08222774 0.02149684 0.28758515]\n",
      " [0.21046126 0.20051276 0.18382041 0.11279065 0.20544815 0.08696677]\n",
      " [0.25035201 0.20918923 0.05108888 0.27879391 0.19445222 0.01612375]\n",
      " [0.07742464 0.27157894 0.05218402 0.26791105 0.208531   0.12237036]\n",
      " [0.19377608 0.06127726 0.20544431 0.17944572 0.17679598 0.18326065]\n",
      " [0.07700959 0.17347647 0.21666425 0.13443118 0.1790922  0.21932631]\n",
      " [0.18010497 0.14674566 0.18011351 0.22008111 0.07262085 0.2003339 ]\n",
      " [0.08120467 0.28678678 0.26683743 0.09735784 0.06094251 0.20687077]\n",
      " [0.09797058 0.00896465 0.04699818 0.28342271 0.32231283 0.24033105]\n",
      " [0.22854412 0.0498565  0.17590947 0.23007699 0.21542623 0.10018669]\n",
      " [0.24114531 0.21742092 0.14076843 0.25666382 0.06681059 0.07719092]\n",
      " [0.29048935 0.06047457 0.2034506  0.10029177 0.25089244 0.09440127]\n",
      " [0.10887632 0.25231553 0.18034827 0.00515379 0.19113459 0.2621715 ]\n",
      " [0.08978931 0.17550206 0.19367429 0.08153532 0.07717845 0.38232058]\n",
      " [0.14455075 0.04193637 0.22600341 0.00801502 0.31805245 0.26144199]\n",
      " [0.18203111 0.2700593  0.1409167  0.28669552 0.06703739 0.05325998]\n",
      " [0.12584744 0.24280147 0.07931443 0.17360884 0.12303915 0.25538867]\n",
      " [0.04241864 0.18148715 0.14680238 0.24675533 0.36450097 0.01803552]\n",
      " [0.20333292 0.26198207 0.03655529 0.04906269 0.37822977 0.07083725]\n",
      " [0.15222332 0.15223236 0.19393634 0.13036013 0.13335713 0.23789072]\n",
      " [0.3428793  0.14196225 0.17371192 0.04615038 0.18531024 0.10998591]\n",
      " [0.19947623 0.24688292 0.12246182 0.17559222 0.08898607 0.16660075]\n",
      " [0.26810012 0.21160513 0.02866954 0.10841967 0.23055732 0.15264822]\n",
      " [0.18905292 0.28179539 0.12909152 0.03224224 0.09768938 0.27012855]\n",
      " [0.13735972 0.15003393 0.23198325 0.07847553 0.14413858 0.25800899]\n",
      " [0.20690922 0.23012985 0.21366762 0.10832132 0.17535103 0.06562096]\n",
      " [0.08316018 0.12811303 0.3254145  0.18534986 0.20115202 0.07681041]\n",
      " [0.10781763 0.24497041 0.15215049 0.28308633 0.18980707 0.02216807]\n",
      " [0.2167738  0.274073   0.18195354 0.19313561 0.09753481 0.03652925]\n",
      " [0.2432993  0.21391937 0.22656626 0.21782305 0.08433786 0.01405416]\n",
      " [0.02745493 0.16966588 0.18227709 0.18518312 0.07501607 0.36040292]\n",
      " [0.18430516 0.07793184 0.19315442 0.33987389 0.15980278 0.04493192]\n",
      " [0.06829466 0.23298487 0.28713771 0.22702567 0.16015976 0.02439732]\n",
      " [0.15503484 0.21143365 0.23267189 0.0270976  0.16782368 0.20593835]\n",
      " [0.11432771 0.05275339 0.28201165 0.13950326 0.22420264 0.18720135]\n",
      " [0.14348051 0.03193776 0.1461943  0.28216254 0.23221411 0.16401077]\n",
      " [0.19054717 0.23988125 0.16086564 0.30577463 0.03441769 0.06851363]\n",
      " [0.22372    0.15706557 0.09421035 0.03431926 0.27967243 0.2110124 ]\n",
      " [0.26260605 0.12177488 0.00215577 0.04712908 0.24960796 0.31672626]\n",
      " [0.03673192 0.20380935 0.21522814 0.18576058 0.18808297 0.17038704]\n",
      " [0.05820302 0.24001384 0.10463221 0.20835081 0.19282746 0.19597266]\n",
      " [0.11009061 0.01028243 0.22147284 0.25419468 0.15131704 0.2526424 ]\n",
      " [0.22037985 0.10124871 0.13040429 0.13026539 0.14162407 0.27607769]\n",
      " [0.09786486 0.23386981 0.10231653 0.04086606 0.27859549 0.24648725]\n",
      " [0.05808991 0.0416205  0.33793525 0.03918308 0.33289953 0.19027173]\n",
      " [0.11563096 0.20667843 0.13674311 0.25168406 0.01584629 0.27341714]\n",
      " [0.11572267 0.09006493 0.1066896  0.16826615 0.22363408 0.29562257]\n",
      " [0.1063273  0.12793559 0.20139585 0.23076313 0.12818948 0.20538865]]\n"
     ]
    }
   ],
   "source": [
    "n=6 # Number of stocks = 6\n",
    "pop_size=100 # initial population = 100\n",
    "\n",
    "population = np.array([chromosome(n) for _ in range(pop_size)])\n",
    "print(population.shape)\n",
    "print(population)"
   ]
  },
  {
   "cell_type": "markdown",
   "metadata": {},
   "source": [
    "### Task #6:\n",
    "\n",
    "**Fitness function** (Define a Function): \n",
    "The Sharpe ratio, S, is a measure for quantifying the performance (Fitness) of the portfolio and is computed as\n",
    "follows:\n",
    "                \n",
    "                S = (µ − r)/σ\n",
    "    \n",
    "    Here µ is the return of the portfolio over a specified period or Mean portfolio return, \n",
    "         r is the risk-free rate over the same period and \n",
    "         σ is the standard deviation of the returns over the specified period or Standard deviation of portfolio return.\n",
    "\n",
    "      \n",
    "Mean portfolio return = Mean Return * Fractions of Total Capital (Chromosome).\n",
    "\n",
    "Risk-free rate = 0.0358 (For US)\n",
    "\n",
    "Standard deviation of portfolio return = (chromosome * Standard deviation)**2 + Covariance * Respective weights in chromosome."
   ]
  },
  {
   "cell_type": "markdown",
   "metadata": {},
   "source": [
    " #### Fitness function Sub Task 1:\n",
    " Calculate Mean, Standard deviation and covariance of the Historical stock returns."
   ]
  },
  {
   "cell_type": "code",
   "execution_count": 44,
   "metadata": {},
   "outputs": [
    {
     "name": "stdout",
     "output_type": "stream",
     "text": [
      "<class 'pandas.core.frame.DataFrame'>\n",
      "Index: 5 entries, 3_mon_return to 36_mon_return\n",
      "Data columns (total 6 columns):\n",
      " #   Column  Non-Null Count  Dtype \n",
      "---  ------  --------------  ----- \n",
      " 0   ARKK    5 non-null      object\n",
      " 1   GLD     5 non-null      object\n",
      " 2   GREK    5 non-null      object\n",
      " 3   SLV     5 non-null      object\n",
      " 4   SMH     5 non-null      object\n",
      " 5   TSLA    5 non-null      object\n",
      "dtypes: object(6)\n",
      "memory usage: 280.0+ bytes\n",
      "None\n",
      "<class 'pandas.core.frame.DataFrame'>\n",
      "Index: 5 entries, 3_mon_return to 36_mon_return\n",
      "Data columns (total 6 columns):\n",
      " #   Column  Non-Null Count  Dtype  \n",
      "---  ------  --------------  -----  \n",
      " 0   ARKK    5 non-null      float64\n",
      " 1   GLD     5 non-null      float64\n",
      " 2   GREK    5 non-null      float64\n",
      " 3   SLV     5 non-null      float64\n",
      " 4   SMH     5 non-null      float64\n",
      " 5   TSLA    5 non-null      float64\n",
      "dtypes: float64(6)\n",
      "memory usage: 280.0+ bytes\n",
      "None\n"
     ]
    }
   ],
   "source": [
    "# Convert to numeric columns from Object datatypes.\n",
    "print(hist_stock_returns.info())\n",
    "cols=hist_stock_returns.columns\n",
    "hist_stock_returns[cols] = hist_stock_returns[cols].apply(pd.to_numeric, errors='coerce')\n",
    "print(hist_stock_returns.info())"
   ]
  },
  {
   "cell_type": "markdown",
   "metadata": {},
   "source": [
    "#### Calculate covariance of historical returns"
   ]
  },
  {
   "cell_type": "code",
   "execution_count": 45,
   "metadata": {},
   "outputs": [
    {
     "name": "stdout",
     "output_type": "stream",
     "text": [
      "          ARKK       GLD      GREK       SLV       SMH      TSLA\n",
      "ARKK  0.150806  0.023540  0.015924 -0.013799  0.085191  0.034491\n",
      "GLD   0.023540  0.008543  0.005382  0.001323  0.019340  0.012109\n",
      "GREK  0.015924  0.005382  0.005000  0.000916  0.012833  0.008554\n",
      "SLV  -0.013799  0.001323  0.000916  0.004024 -0.003112  0.006550\n",
      "SMH   0.085191  0.019340  0.012833 -0.003112  0.056132  0.034883\n",
      "TSLA  0.034491  0.012109  0.008554  0.006550  0.034883  0.119122\n"
     ]
    },
    {
     "data": {
      "text/plain": "          ARKK       GLD      GREK       SLV       SMH      TSLA\nARKK  0.000000  0.023540  0.015924 -0.013799  0.085191  0.034491\nGLD   0.023540  0.000000  0.005382  0.001323  0.019340  0.012109\nGREK  0.015924  0.005382  0.000000  0.000916  0.012833  0.008554\nSLV  -0.013799  0.001323  0.000916  0.000000 -0.003112  0.006550\nSMH   0.085191  0.019340  0.012833 -0.003112  0.000000  0.034883\nTSLA  0.034491  0.012109  0.008554  0.006550  0.034883  0.000000",
      "text/html": "<div>\n<style scoped>\n    .dataframe tbody tr th:only-of-type {\n        vertical-align: middle;\n    }\n\n    .dataframe tbody tr th {\n        vertical-align: top;\n    }\n\n    .dataframe thead th {\n        text-align: right;\n    }\n</style>\n<table border=\"1\" class=\"dataframe\">\n  <thead>\n    <tr style=\"text-align: right;\">\n      <th></th>\n      <th>ARKK</th>\n      <th>GLD</th>\n      <th>GREK</th>\n      <th>SLV</th>\n      <th>SMH</th>\n      <th>TSLA</th>\n    </tr>\n  </thead>\n  <tbody>\n    <tr>\n      <th>ARKK</th>\n      <td>0.000000</td>\n      <td>0.023540</td>\n      <td>0.015924</td>\n      <td>-0.013799</td>\n      <td>0.085191</td>\n      <td>0.034491</td>\n    </tr>\n    <tr>\n      <th>GLD</th>\n      <td>0.023540</td>\n      <td>0.000000</td>\n      <td>0.005382</td>\n      <td>0.001323</td>\n      <td>0.019340</td>\n      <td>0.012109</td>\n    </tr>\n    <tr>\n      <th>GREK</th>\n      <td>0.015924</td>\n      <td>0.005382</td>\n      <td>0.000000</td>\n      <td>0.000916</td>\n      <td>0.012833</td>\n      <td>0.008554</td>\n    </tr>\n    <tr>\n      <th>SLV</th>\n      <td>-0.013799</td>\n      <td>0.001323</td>\n      <td>0.000916</td>\n      <td>0.000000</td>\n      <td>-0.003112</td>\n      <td>0.006550</td>\n    </tr>\n    <tr>\n      <th>SMH</th>\n      <td>0.085191</td>\n      <td>0.019340</td>\n      <td>0.012833</td>\n      <td>-0.003112</td>\n      <td>0.000000</td>\n      <td>0.034883</td>\n    </tr>\n    <tr>\n      <th>TSLA</th>\n      <td>0.034491</td>\n      <td>0.012109</td>\n      <td>0.008554</td>\n      <td>0.006550</td>\n      <td>0.034883</td>\n      <td>0.000000</td>\n    </tr>\n  </tbody>\n</table>\n</div>"
     },
     "execution_count": 45,
     "metadata": {},
     "output_type": "execute_result"
    }
   ],
   "source": [
    "cov_hist_return=hist_stock_returns.cov()\n",
    "\n",
    "print(cov_hist_return)\n",
    "\n",
    "# For ease of calculations make covariance of same variable as zero.\n",
    "for i in range(6):\n",
    "    cov_hist_return.iloc[i][i]= 0\n",
    "    \n",
    "cov_hist_return"
   ]
  },
  {
   "cell_type": "markdown",
   "metadata": {},
   "source": [
    "#### Calculate the mean of historical returns"
   ]
  },
  {
   "cell_type": "code",
   "execution_count": 46,
   "metadata": {},
   "outputs": [
    {
     "data": {
      "text/plain": "ARKK    0.161832\nGLD     0.147917\nGREK   -0.363862\nSLV    -0.174844\nSMH     0.101246\nTSLA    0.830265\ndtype: float64"
     },
     "execution_count": 46,
     "metadata": {},
     "output_type": "execute_result"
    }
   ],
   "source": [
    "mean_hist_return=hist_stock_returns.mean()\n",
    "mean_hist_return"
   ]
  },
  {
   "cell_type": "markdown",
   "metadata": {},
   "source": [
    "#### Calculate Standard deviation of historical returns:"
   ]
  },
  {
   "cell_type": "code",
   "execution_count": 47,
   "metadata": {},
   "outputs": [
    {
     "data": {
      "text/plain": "ARKK    0.388338\nGLD     0.092429\nGREK    0.070711\nSLV     0.063434\nSMH     0.236922\nTSLA    0.345141\ndtype: float64"
     },
     "execution_count": 47,
     "metadata": {},
     "output_type": "execute_result"
    }
   ],
   "source": [
    "sd_hist_return=hist_stock_returns.std()\n",
    "sd_hist_return"
   ]
  },
  {
   "cell_type": "markdown",
   "metadata": {},
   "source": [
    "#### Fitness function Sub Task 2:\n",
    " Calculate Expected portfolio return and portfolio variance."
   ]
  },
  {
   "cell_type": "markdown",
   "metadata": {},
   "source": [
    "#### Calculate Expected returns of portfolio."
   ]
  },
  {
   "cell_type": "code",
   "execution_count": 48,
   "metadata": {},
   "outputs": [],
   "source": [
    "def mean_portfolio_return(child):\n",
    "    return np.sum(np.multiply(child,mean_hist_return))"
   ]
  },
  {
   "cell_type": "code",
   "execution_count": 49,
   "metadata": {},
   "outputs": [
    {
     "data": {
      "text/plain": "0.1633263005636655"
     },
     "execution_count": 49,
     "metadata": {},
     "output_type": "execute_result"
    }
   ],
   "source": [
    "mean_portfolio_return(population[0])"
   ]
  },
  {
   "cell_type": "markdown",
   "metadata": {},
   "source": [
    "#### Calculate portfolio variance."
   ]
  },
  {
   "cell_type": "code",
   "execution_count": 50,
   "metadata": {},
   "outputs": [],
   "source": [
    "def var_portfolio_return(child):\n",
    "    part_1 = np.sum(np.multiply(child,sd_hist_return)**2)\n",
    "    temp_lst=[]\n",
    "    for i in range(6):\n",
    "        for j in range(6):\n",
    "            temp=cov_hist_return.iloc[i][j] * child[i] * child[j]\n",
    "            temp_lst.append(temp)\n",
    "    part_2=np.sum(temp_lst)\n",
    "    return part_1+part_2"
   ]
  },
  {
   "cell_type": "code",
   "execution_count": 51,
   "metadata": {},
   "outputs": [
    {
     "data": {
      "text/plain": "0.02860008302964092"
     },
     "execution_count": 51,
     "metadata": {},
     "output_type": "execute_result"
    }
   ],
   "source": [
    "var_portfolio_return(population[0])"
   ]
  },
  {
   "cell_type": "markdown",
   "metadata": {},
   "source": [
    "#### Risk free factor."
   ]
  },
  {
   "cell_type": "code",
   "execution_count": 52,
   "metadata": {},
   "outputs": [],
   "source": [
    "rf= 0.0358"
   ]
  },
  {
   "cell_type": "markdown",
   "metadata": {},
   "source": [
    "#### Fitness Function of a portfolio."
   ]
  },
  {
   "cell_type": "code",
   "execution_count": 53,
   "metadata": {},
   "outputs": [],
   "source": [
    "def fitness_fuction(child):\n",
    "    ''' This will return the Sharpe ratio for a particular portfolio.\n",
    "        Input: A child/chromosome (1D Array)\n",
    "        Output: Sharpe Ratio value (Scalar)'''\n",
    "    return (mean_portfolio_return(child)-rf)/np.sqrt(var_portfolio_return(child))"
   ]
  },
  {
   "cell_type": "code",
   "execution_count": 54,
   "metadata": {},
   "outputs": [
    {
     "data": {
      "text/plain": "1.0399044441726852"
     },
     "execution_count": 54,
     "metadata": {},
     "output_type": "execute_result"
    }
   ],
   "source": [
    "fitness_fuction(population[7])"
   ]
  },
  {
   "cell_type": "markdown",
   "metadata": {},
   "source": [
    "### Task #7:\n",
    "Select **Elite Population** (Define a Function): It filters the elite chromosomes which have highest returns, which were calculated in fitness function."
   ]
  },
  {
   "cell_type": "code",
   "execution_count": 55,
   "metadata": {},
   "outputs": [],
   "source": [
    "def Select_elite_population(population, frac=0.3):\n",
    "    ''' Select elite population from the total population based on fitness function values.\n",
    "        Input: Population and fraction of population to be considered as elite.\n",
    "        Output: Elite population.'''\n",
    "    population = sorted(population,key = lambda x: fitness_fuction(x),reverse=True)\n",
    "    percentage_elite_idx = int(np.floor(len(population)* frac))\n",
    "    return population[:percentage_elite_idx]"
   ]
  },
  {
   "cell_type": "code",
   "execution_count": 56,
   "metadata": {},
   "outputs": [
    {
     "name": "stdout",
     "output_type": "stream",
     "text": [
      "30\n"
     ]
    },
    {
     "data": {
      "text/plain": "[array([0.18336804, 0.31811473, 0.08886276, 0.04018681, 0.06573994,\n        0.30372772]),\n array([0.18494917, 0.02780954, 0.11231092, 0.10948739, 0.14478333,\n        0.42065965]),\n array([0.08978931, 0.17550206, 0.19367429, 0.08153532, 0.07717845,\n        0.38232058]),\n array([0.26260605, 0.12177488, 0.00215577, 0.04712908, 0.24960796,\n        0.31672626]),\n array([0.02745493, 0.16966588, 0.18227709, 0.18518312, 0.07501607,\n        0.36040292]),\n array([0.27879326, 0.23206418, 0.00903557, 0.12600544, 0.09599097,\n        0.25811057]),\n array([0.18905292, 0.28179539, 0.12909152, 0.03224224, 0.09768938,\n        0.27012855]),\n array([0.12584744, 0.24280147, 0.07931443, 0.17360884, 0.12303915,\n        0.25538867]),\n array([0.09786486, 0.23386981, 0.10231653, 0.04086606, 0.27859549,\n        0.24648725]),\n array([0.11572267, 0.09006493, 0.1066896 , 0.16826615, 0.22363408,\n        0.29562257]),\n array([0.10887632, 0.25231553, 0.18034827, 0.00515379, 0.19113459,\n        0.2621715 ]),\n array([0.149247  , 0.21533674, 0.03805718, 0.19708418, 0.17515825,\n        0.22511665]),\n array([0.11563096, 0.20667843, 0.13674311, 0.25168406, 0.01584629,\n        0.27341714]),\n array([0.2367596 , 0.20565197, 0.05493297, 0.23803432, 0.03190283,\n        0.23271832]),\n array([0.18426651, 0.18687984, 0.16224619, 0.13911102, 0.05750965,\n        0.26998677]),\n array([0.22037985, 0.10124871, 0.13040429, 0.13026539, 0.14162407,\n        0.27607769]),\n array([0.22372   , 0.15706557, 0.09421035, 0.03431926, 0.27967243,\n        0.2110124 ]),\n array([0.26484015, 0.09192862, 0.02748511, 0.03453333, 0.37921697,\n        0.20199583]),\n array([0.24785613, 0.03653005, 0.0063082 , 0.24343306, 0.24326424,\n        0.22260832]),\n array([0.0220911 , 0.03064448, 0.25215463, 0.09799454, 0.28291263,\n        0.31420262]),\n array([0.19544694, 0.18565261, 0.05441118, 0.11627118, 0.26086597,\n        0.18735212]),\n array([0.09797058, 0.00896465, 0.04699818, 0.28342271, 0.32231283,\n        0.24033105]),\n array([0.16312857, 0.19970729, 0.18398713, 0.03627197, 0.19127954,\n        0.22562548]),\n array([0.05820302, 0.24001384, 0.10463221, 0.20835081, 0.19282746,\n        0.19597266]),\n array([0.01225878, 0.16341149, 0.15302771, 0.17234498, 0.26709009,\n        0.23186696]),\n array([0.23334331, 0.16367918, 0.14296062, 0.0077071 , 0.24151394,\n        0.21079585]),\n array([0.13735972, 0.15003393, 0.23198325, 0.07847553, 0.14413858,\n        0.25800899]),\n array([0.13603123, 0.27259561, 0.29905603, 0.00534182, 0.04189086,\n        0.24508444]),\n array([0.24929237, 0.1130945 , 0.02540202, 0.08895308, 0.35010685,\n        0.17315119]),\n array([0.26810012, 0.21160513, 0.02866954, 0.10841967, 0.23055732,\n        0.15264822])]"
     },
     "execution_count": 56,
     "metadata": {},
     "output_type": "execute_result"
    }
   ],
   "source": [
    "print(len(Select_elite_population(population, frac=0.3)))\n",
    "Select_elite_population(population, frac=0.3)"
   ]
  },
  {
   "cell_type": "code",
   "execution_count": 57,
   "metadata": {},
   "outputs": [
    {
     "data": {
      "text/plain": "[0.7540777287855851, -0.4242777621572671, 0.25320094575654245]"
     },
     "execution_count": 57,
     "metadata": {},
     "output_type": "execute_result"
    }
   ],
   "source": [
    "[fitness_fuction(x) for x in population][:3]"
   ]
  },
  {
   "cell_type": "markdown",
   "metadata": {},
   "source": [
    "### Task #8:\n",
    "**Mutation**: A function that will perform mutation in a chromosome. \n",
    "            \n",
    "    Randomly choose 2 numbers between [0, 5] and those elements should be swapped.\n"
   ]
  },
  {
   "cell_type": "code",
   "execution_count": 58,
   "metadata": {},
   "outputs": [],
   "source": [
    "def mutation(parent):\n",
